,Type,Air temperature [K],Process temperature [K],Rotational speed [rpm],Torque [Nm],Tool wear [min],Target,Failure Type
50,1,298.9,309.1,2861,4.6,143,1,3
69,1,298.9,309.0,1410,65.7,191,1,3
77,1,298.8,308.9,1455,41.3,208,1,5
160,1,298.4,308.2,1282,60.7,216,1,2
161,1,298.3,308.1,1412,52.3,218,1,2
168,1,298.4,308.3,1433,62.3,20,1,3
194,2,298.2,308.5,2678,10.7,86,1,3
207,2,298.4,308.7,1421,60.7,119,1,3
242,1,298.0,308.2,1348,58.8,202,1,2
248,1,298.0,308.3,1362,56.8,216,1,2
249,1,298.0,308.3,1405,56.2,218,1,2
259,2,298.1,308.2,1420,63.9,19,1,3
327,1,297.7,308.5,1373,56.7,203,1,2
380,1,297.5,308.3,2564,12.8,127,1,3
442,1,297.4,308.5,1399,61.5,61,1,3
463,1,297.4,308.7,2874,4.2,118,1,3
586,1,297.6,309.6,1501,49.8,222,1,2
603,1,297.9,309.8,1336,71.6,31,1,3
746,1,296.8,308.1,1289,62.0,199,1,2
847,1,296.4,307.4,2833,5.6,213,1,3
880,2,295.8,306.3,1235,76.2,89,1,3
903,1,295.7,306.2,2270,14.6,149,1,3
926,1,295.6,306.1,1372,55.6,215,1,2
1016,2,296.3,307.2,1319,68.3,24,1,3
1085,1,297.0,307.8,1385,56.4,202,1,2
1087,0,296.9,307.8,1549,35.8,206,1,5
1095,1,296.9,307.5,2721,9.3,18,1,3
1123,0,296.6,307.7,1386,62.3,100,1,3
1124,2,296.7,307.8,1258,69.0,105,1,3
1144,1,297.0,307.9,1296,69.1,153,1,3
1161,1,297.0,307.8,1316,61.2,200,1,2
1162,1,296.9,307.8,1400,57.1,202,1,2
1167,1,297.0,308.1,1362,52.5,213,1,2
1284,1,298.4,309.5,2153,15.3,98,1,3
1324,2,298.8,310.1,1243,74.5,194,1,3
1334,1,299.0,310.4,1365,49.1,226,1,2
1335,1,299.0,310.4,1371,53.8,228,1,2
1391,1,298.9,310.2,2737,8.8,142,1,3
1419,1,298.7,309.8,1354,53.3,212,1,2
1437,0,298.8,309.9,1439,45.2,40,1,1
1492,2,298.0,308.7,1479,58.5,176,1,3
1496,1,298.0,308.7,1268,69.4,189,1,3
1509,1,298.0,308.5,1429,37.7,220,1,5
1583,1,298.2,308.4,1310,61.0,189,1,2
1595,1,298.0,308.2,1365,52.9,218,1,2
1682,0,297.9,307.4,1604,36.1,225,1,5
1763,1,298.2,307.6,1511,31.0,209,1,5
1784,1,298.3,308.0,2886,3.8,57,1,3
1789,1,298.2,307.9,1313,67.3,67,1,3
1808,1,298.1,307.7,2567,12.8,125,1,3
1833,1,297.8,307.3,1327,61.0,186,1,2
1996,2,298.4,308.0,1416,38.2,198,1,5
2015,1,298.5,308.2,1301,66.3,42,1,3
2075,1,299.5,309.4,1390,58.8,195,1,2
2125,1,299.3,308.9,1258,69.4,119,1,3
2166,2,299.6,309.2,1867,23.4,225,1,5
2233,1,299.5,308.7,2549,13.0,179,1,3
2244,2,299.3,308.4,1542,37.5,203,1,5
2299,1,299.4,308.7,1446,62.9,134,1,3
2331,1,299.3,308.6,1384,53.6,218,1,2
2332,1,299.2,308.5,1378,50.4,220,1,2
2426,2,298.9,308.2,1372,63.6,30,1,3
2444,1,299.2,308.6,1267,68.2,76,1,3
2494,1,299.1,308.8,1329,53.6,207,1,2
2502,1,299.2,309.0,1515,48.9,228,1,2
2581,1,299.2,309.1,1345,60.7,191,1,2
2598,1,299.1,308.8,1320,67.5,20,1,3
2671,2,299.7,309.3,1399,41.9,221,1,5
2749,2,299.7,309.2,1685,28.9,179,1,1
2761,1,299.8,309.3,1299,65.1,212,1,2
2858,1,300.5,309.3,1417,51.5,231,1,2
2864,0,300.6,309.4,1380,47.6,246,1,5
2879,2,300.6,309.4,1367,63.2,45,1,3
2941,2,300.7,309.6,1996,19.8,203,1,5
3000,0,300.5,309.8,1324,72.8,159,1,3
3019,1,300.5,309.8,1379,54.2,207,1,2
3140,0,300.4,309.9,2563,12.8,81,1,3
3236,2,300.8,309.4,1342,62.4,113,1,0
3266,1,301.3,310.1,1269,56.8,195,1,2
3350,1,301.4,310.8,1285,62.6,183,1,2
3356,1,301.6,310.8,1355,57.8,195,1,2
3369,1,301.5,310.9,2760,8.0,15,1,3
3457,2,301.5,310.4,2639,12.0,21,1,3
3528,1,302.0,310.9,1378,53.1,212,1,2
3529,1,301.9,310.9,1567,39.0,214,1,5
3579,1,301.8,310.6,2672,11.8,124,1,3
3611,1,301.7,310.9,1405,46.4,207,1,5
3684,1,302.0,311.2,1270,65.3,182,1,2
3695,1,302.2,311.3,1530,37.3,207,1,5
3760,1,302.3,310.9,1377,46.8,166,1,0
3787,1,302.3,310.8,1377,47.3,22,1,0
3793,1,302.3,310.9,1379,49.3,34,1,0
3806,2,302.3,310.9,1360,44.0,67,1,0
3814,2,302.1,310.6,1326,59.1,88,1,0
3829,0,302.3,310.9,1366,48.4,130,1,0
3854,1,302.4,311.0,1338,67.6,194,1,3
3865,0,302.6,311.5,1629,34.4,228,1,5
3867,2,302.7,311.6,2709,9.7,2,1,3
3928,1,302.6,311.5,1442,59.8,169,1,3
3935,2,302.6,311.6,1227,68.2,187,1,2
3943,1,302.3,311.4,1333,66.7,205,1,3
4002,1,302.1,311.2,1454,59.2,153,1,3
4024,2,302.1,311.0,1351,60.3,207,1,2
4032,1,302.0,310.8,1383,50.3,231,1,2
4034,1,302.0,310.8,1615,29.0,235,1,5
4044,2,301.9,310.9,1419,47.7,20,1,1
4048,1,301.9,311.0,2691,12.1,31,1,3
4071,1,301.9,310.6,1331,68.6,85,1,3
4078,0,302.1,310.7,1294,62.4,101,1,0
4080,1,302.0,310.4,1357,58.0,108,1,0
4081,1,302.0,310.4,1336,58.2,110,1,0
4087,1,301.9,310.4,1376,54.9,126,1,0
4096,1,301.9,310.4,1370,51.7,153,1,0
4117,1,301.9,310.5,1340,55.7,204,1,2
4119,1,302.1,310.7,1325,45.1,208,1,0
4120,2,302.1,310.7,1376,46.3,210,1,0
4121,2,302.1,310.7,1364,47.8,213,1,0
4130,1,301.9,310.4,1286,62.8,22,1,0
4138,1,301.7,310.2,1311,57.4,40,1,0
4140,1,301.7,310.2,1331,61.2,47,1,0
4151,2,301.9,310.4,1373,48.0,73,1,0
4153,2,302.0,310.4,1212,55.6,79,1,0
4155,1,302.0,310.5,1370,44.4,85,1,0
4157,1,302.0,310.5,1263,60.6,90,1,0
4164,1,302.2,310.6,1346,47.5,109,1,0
4170,2,302.2,310.6,1355,51.5,126,1,0
4173,2,302.2,310.6,1346,49.2,134,1,0
4179,1,302.4,310.9,1349,46.1,148,1,0
4182,1,302.4,310.7,1362,54.8,155,1,0
4184,1,302.2,310.6,1334,53.2,159,1,0
4185,1,302.2,310.6,1348,48.4,161,1,0
4207,2,302.3,310.9,1710,30.4,218,1,5
4211,1,302.1,310.7,1314,52.8,8,1,0
4225,1,302.1,310.7,1359,49.3,41,1,0
4247,1,302.6,311.0,1369,60.0,93,1,0
4249,1,302.5,310.9,1330,56.9,97,1,0
4251,0,302.5,310.9,1356,55.5,101,1,0
4253,2,302.6,311.0,1329,48.6,111,1,0
4254,1,302.6,311.0,1284,68.0,114,1,3
4258,2,302.7,311.1,1297,60.7,125,1,0
4270,1,302.6,310.9,1331,52.0,154,1,0
4279,1,302.0,310.1,1361,45.4,174,1,0
4282,1,301.9,309.9,1374,48.5,180,1,0
4283,2,301.8,309.9,1334,61.0,182,1,0
4285,1,301.7,309.9,1317,49.0,187,1,0
4292,2,301.8,310.1,2372,13.9,205,1,3
4296,1,301.8,310.2,2825,5.8,215,1,3
4307,1,301.4,309.9,1259,63.9,20,1,0
4323,1,301.8,310.3,1341,50.5,64,1,0
4326,1,301.6,310.1,1362,55.8,70,1,0
4328,1,301.6,310.1,1326,48.2,77,1,0
4342,2,301.7,309.8,1284,68.2,111,1,3
4353,2,302.0,309.7,1386,62.7,142,1,3
4355,0,302.0,309.8,1280,57.3,147,1,0
4361,2,302.1,310.1,1379,48.2,166,1,0
4370,1,302.0,309.9,1308,57.6,197,1,0
4383,1,301.7,309.5,1298,65.5,229,1,0
4385,1,301.8,309.7,1442,45.3,233,1,5
4389,2,302.1,310.0,1355,45.1,6,1,0
4391,2,302.2,310.1,1368,51.6,12,1,0
4400,1,302.3,310.1,1353,50.9,36,1,0
4405,1,302.4,310.2,1331,45.5,53,1,0
4406,1,302.5,310.3,1326,58.5,55,1,0
4409,2,302.4,310.1,1358,54.6,61,1,0
4417,1,302.6,310.4,1365,66.8,80,1,3
4419,2,302.6,310.2,2676,10.8,84,1,3
4421,1,302.6,310.2,1325,62.4,92,1,0
4427,2,302.4,310.1,1379,48.9,107,1,0
4435,1,302.3,310.1,1321,52.7,134,1,0
4441,1,302.5,310.2,1329,50.6,148,1,0
4448,1,302.4,310.3,1374,51.2,163,1,0
4449,2,302.4,310.3,1378,54.3,165,1,0
4462,1,302.7,310.5,1263,67.8,197,1,0
4469,1,302.7,310.5,1446,40.9,211,1,5
4475,1,302.7,310.5,1351,41.8,10,1,0
4480,0,302.7,310.4,1305,55.2,20,1,0
4495,1,302.6,310.4,1359,57.2,67,1,0
4501,1,302.5,310.2,1307,54.0,86,1,0
4510,1,302.4,310.2,1346,62.4,106,1,0
4527,2,302.4,310.5,1372,45.7,144,1,0
4533,2,302.4,310.3,1375,52.5,161,1,0
4536,1,302.4,310.2,1351,45.1,168,1,0
4544,1,302.5,310.4,1349,55.1,187,1,0
4556,2,302.7,310.6,1349,51.2,6,1,0
4558,1,302.7,310.7,1369,47.5,11,1,0
4565,0,302.7,310.8,1275,55.0,25,1,0
4570,1,302.8,310.9,1312,52.2,40,1,0
4579,1,303.0,311.2,1374,48.2,65,1,0
4596,1,303.0,311.2,1361,47.6,106,1,0
4600,1,303.0,311.0,1359,44.2,115,1,0
4601,2,303.0,311.1,1372,54.3,117,1,0
4611,1,303.0,311.3,1365,56.2,146,1,0
4618,2,303.0,311.3,1335,53.6,164,1,0
4620,1,303.1,311.3,1336,52.6,172,1,0
4621,1,303.0,311.2,1341,51.0,174,1,0
4632,2,302.9,311.2,1330,53.7,200,1,0
4642,1,303.2,311.4,1238,54.6,226,1,0
4643,1,303.2,311.4,1324,54.2,228,1,0
4646,1,303.3,311.4,1497,46.0,234,1,5
4651,1,303.2,311.4,1349,51.1,9,1,0
4661,1,303.3,311.3,1350,48.1,32,1,0
4665,2,303.4,311.4,1307,54.0,44,1,0
4669,2,303.3,311.5,1373,47.3,60,1,0
4684,2,303.6,311.8,1421,44.8,101,1,1
4702,1,303.6,311.8,1222,66.8,148,1,0
4718,1,303.3,311.6,1337,56.8,187,1,0
4720,2,303.4,311.7,1353,44.1,192,1,0
4723,1,303.4,311.8,1366,50.9,200,1,0
4727,2,303.4,311.8,1341,47.0,210,1,0
4729,1,303.4,311.8,1306,61.0,215,1,0
4731,1,303.3,311.6,1301,45.1,219,1,0
4737,2,303.2,311.5,1336,58.2,2,1,0
4739,1,303.2,311.4,1351,53.8,8,1,0
4748,1,303.2,311.2,1363,46.7,29,1,0
4755,1,303.4,311.7,1295,51.3,51,1,0
4759,1,303.5,311.6,1361,46.5,62,1,0
4761,0,303.7,311.9,1332,52.7,66,1,0
4762,2,303.7,312.0,2663,11.4,71,1,3
4768,1,303.6,312.0,1309,52.9,86,1,0
4770,1,303.5,311.9,1344,49.3,93,1,0
4778,0,303.6,312.2,1371,54.6,112,1,0
4814,1,303.4,311.8,1401,53.0,208,1,2
4816,1,303.4,312.0,1521,35.9,215,1,5
4831,1,303.5,312.0,1366,54.5,30,1,0
4833,1,303.4,311.9,1377,41.6,34,1,0
4836,1,303.3,311.8,1315,62.0,42,1,0
4840,1,303.4,311.9,1298,63.9,59,1,0
4844,2,303.4,311.8,1316,50.9,69,1,0
4851,1,303.7,312.1,1363,51.8,90,1,0
4920,1,303.4,312.2,1337,69.4,52,1,3
4936,1,303.5,312.4,1284,70.6,94,1,3
4976,1,303.7,312.7,1359,56.8,194,1,2
4984,1,303.8,313.1,1256,58.7,213,1,2
4988,1,303.8,313.1,2497,13.0,5,1,3
4997,2,303.6,312.8,2659,11.4,26,1,3
5048,0,304.0,313.2,1271,68.6,161,1,3
5061,1,304.0,312.9,1363,62.5,200,1,2
5141,1,304.4,313.7,1509,35.0,205,1,5
5219,1,303.8,313.0,1365,59.9,205,1,2
5309,2,303.9,313.2,1422,48.0,215,1,5
5334,2,303.4,312.6,2706,9.8,65,1,3
5394,2,302.8,312.3,1262,70.5,234,1,3
5399,0,302.8,312.4,1411,53.8,246,1,2
5400,1,302.7,312.4,1477,46.3,251,1,2
5401,2,302.6,312.3,1454,54.8,253,1,5
5488,1,302.7,312.2,1450,52.1,213,1,2
5490,1,302.6,312.1,1288,68.5,0,1,3
5536,2,302.3,311.8,1363,54.0,119,1,1
5615,2,303.0,312.2,1257,71.3,122,1,3
5617,1,303.1,312.4,1404,61.5,127,1,3
5706,1,302.4,311.9,1290,70.0,139,1,3
5734,1,302.3,311.8,1369,56.2,208,1,2
5909,0,300.7,310.2,1364,65.3,208,1,3
5941,1,300.6,310.7,1438,48.5,78,1,1
5999,2,300.4,310.2,1671,30.5,234,1,5
6024,1,300.7,310.9,1356,65.3,66,1,3
6078,1,300.8,310.7,1339,59.1,203,1,2
6153,1,301.0,311.1,1236,64.4,177,1,2
6159,1,301.0,311.0,1399,58.0,190,1,2
6172,1,300.8,310.6,1577,37.9,227,1,5
6178,1,301.1,310.9,1282,67.9,10,1,3
6248,1,300.8,310.1,1405,61.2,189,1,3
6255,1,301.0,310.5,1379,57.3,204,1,2
6256,1,301.0,310.6,1493,37.8,206,1,5
6340,0,300.5,309.9,1397,45.9,210,1,5
6419,0,300.3,309.9,1394,46.7,210,1,5
6478,1,300.5,309.8,1663,29.1,145,1,1
6497,1,300.8,309.9,1312,65.3,192,1,2
6525,1,301.1,310.4,1312,73.6,49,1,3
6540,2,301.4,310.7,1368,63.7,92,1,3
6618,2,301.6,310.6,1309,65.8,75,1,3
6673,1,301.6,310.7,1380,51.8,216,1,2
6678,2,301.5,310.7,1336,65.6,0,1,3
6759,1,301.7,311.0,1441,44.3,208,1,5
6799,2,301.1,310.7,2636,12.2,100,1,3
6924,1,301.2,311.6,1461,52.9,208,1,2
6932,1,300.8,311.4,1322,67.2,18,1,3
6990,1,300.7,311.1,2478,13.4,170,1,3
7011,1,300.5,310.5,2633,12.2,17,1,3
7083,1,300.7,310.4,1416,61.8,209,1,3
7087,1,300.6,310.3,1648,30.5,217,1,5
7167,1,300.3,310.3,1362,60.3,206,1,2
7280,1,299.9,310.2,1288,69.6,62,1,3
7426,2,300.0,311.4,1692,29.0,216,1,5
7509,1,300.6,311.9,1372,60.1,212,1,2
7510,1,300.5,311.8,1524,38.9,214,1,5
7536,1,300.1,311.3,2579,12.5,64,1,3
7564,2,300.3,311.2,1381,65.2,136,1,3
7569,1,300.2,311.0,1255,71.8,149,1,3
7591,2,300.5,311.1,1296,61.3,202,1,2
7593,1,300.5,311.2,1270,67.5,208,1,2
7669,1,300.7,311.8,1336,58.4,189,1,2
7687,2,300.7,311.7,2097,18.9,232,1,5
7756,1,300.5,311.8,1368,57.9,191,1,2
7759,1,300.4,311.8,1272,59.2,198,1,2
7763,1,300.4,311.6,1200,76.6,3,1,3
7849,2,300.3,311.7,1374,47.9,222,1,5
7884,1,300.8,312.4,1465,59.1,91,1,3
7926,1,300.7,311.9,1335,57.1,194,1,2
7997,2,301.0,312.2,2710,9.7,143,1,3
8026,1,300.7,311.9,1399,50.2,222,1,2
8111,2,300.4,311.8,1553,33.1,209,1,5
8192,1,299.6,310.9,1229,65.2,209,1,2
8195,1,299.4,310.8,1376,53.9,215,1,2
8199,1,299.2,310.7,1737,27.0,225,1,5
8245,2,299.0,310.3,1303,68.6,111,1,3
8307,2,298.7,310.1,1402,69.7,64,1,3
8357,1,298.5,309.5,1385,46.3,203,1,5
8398,1,298.5,309.7,2617,12.1,102,1,3
8437,1,298.7,309.8,1181,65.9,203,1,2
8506,1,298.4,309.6,1710,27.3,163,1,1
8582,2,297.5,308.1,1334,72.0,151,1,3
8608,1,297.4,308.4,1369,50.6,220,1,2
8609,1,297.4,308.3,1475,40.5,222,1,5
8690,1,297.1,308.5,1323,44.4,207,1,5
8846,2,297.4,308.8,1325,62.4,204,1,5
8926,2,297.3,308.3,1459,59.6,207,1,3
9014,2,297.2,308.1,1340,61.3,207,1,2
9015,1,297.2,308.1,1431,49.7,210,1,1
9016,1,297.3,308.2,1396,52.7,212,1,2
9018,1,297.3,308.1,1615,35.4,217,1,5
9084,1,297.2,307.9,1326,75.4,172,1,3
9174,1,297.8,308.9,1871,25.6,200,1,5
9175,1,297.8,309.0,1403,64.2,0,1,3
9414,1,298.1,308.6,1354,53.9,207,1,2
9493,1,299.1,309.8,1398,55.4,217,1,2
9576,1,299.6,310.7,1922,23.3,205,1,5
9613,1,299.0,310.2,1377,62.5,92,1,3
9653,1,299.0,309.9,1373,55.7,201,1,2
9654,1,299.1,310.0,1367,56.3,203,1,2
9659,1,298.9,309.8,1287,61.9,216,1,2
9663,1,299.1,310.1,1435,48.8,229,1,2
9664,1,299.1,310.2,1317,54.8,231,1,2
9667,1,299.2,310.3,1352,48.9,238,1,2
9758,1,298.6,309.8,2271,16.2,218,1,5
9764,1,298.5,309.5,1294,66.7,12,1,3
9822,1,298.5,309.4,1360,60.9,187,1,2
9830,1,298.3,309.3,1337,56.1,206,1,2
9974,1,298.6,308.2,1361,68.2,172,1,3
